/*--------------------------------*- C++ -*----------------------------------*\
| =========                 |                                                 |
| \\      /  F ield         | OpenFOAM: The Open Source CFD Toolbox           |
|  \\    /   O peration     | Version:  2.3.1                                 |
|   \\  /    A nd           | Web:      www.OpenFOAM.org                      |
|    \\/     M anipulation  |                                                 |
\*---------------------------------------------------------------------------*/
FoamFile
{
    version     2.0;
    format      ascii;
    class       volScalarField;
    location    "0";
    object      yPlus;
}
// * * * * * * * * * * * * * * * * * * * * * * * * * * * * * * * * * * * * * //

dimensions      [0 0 0 0 0 0 0];

internalField   uniform 0;

boundaryField
{
    inlet
    {
        type            calculated;
        value           uniform 0;
    }
    outlet
    {
        type            calculated;
        value           uniform 0;
    }
    frontAndBack
    {
        type            empty;
    }
    upperWall
    {
        type            symmetryPlane;
    }
    lowerWall
    {
        type            calculated;
        value           nonuniform List<scalar> 
104
(
39.9006
39.9006
39.9006
39.9006
39.9006
39.9006
39.9006
39.9006
39.9006
39.9006
39.9001
39.9
39.9001
39.9
39.9
39.9
39.9
39.9001
39.9
39.9
39.9
39.9001
39.9
39.9001
39.9
39.9001
39.9
39.9
39.9
39.9001
39.9
39.9005
39.9005
39.9005
39.9005
39.9005
39.9005
39.9005
39.9005
39.9005
39.9005
39.9005
39.9005
39.9005
39.9005
39.9005
39.9005
39.9005
39.9006
39.9005
39.9005
39.9005
39.9021
39.9021
39.9021
39.9021
39.9021
39.9021
39.9021
39.9021
39.9021
39.9021
39.9021
39.9021
39.9021
39.9021
39.9021
39.9021
39.9021
39.9021
39.9021
39.9021
39.9021
39.8969
39.8969
39.8969
39.8969
39.8969
39.8968
39.8969
39.8969
39.8969
39.8969
39.8969
39.8969
39.8969
39.8969
39.8969
39.8969
39.8969
39.8969
39.8969
39.8969
39.8969
39.8996
39.8996
39.8996
39.8996
39.8996
39.8996
39.8996
39.8996
39.8996
39.8996
)
;
    }
    buildingWall
    {
        type            calculated;
        value           nonuniform List<scalar> 
305
(
28.5714
28.5714
28.5714
28.5714
28.5714
28.5714
28.5714
28.5714
28.5714
28.5714
28.5714
28.5714
28.5714
28.5714
28.5714
28.5714
28.5714
28.5714
28.5714
28.5714
28.5714
30
30
30
30
30
30
30
30
30
30
30
30
30
30
30
30
30
30
30
28.5714
28.5714
28.5714
28.5714
28.5714
28.5714
28.5714
28.5714
28.5714
28.5714
28.5714
28.5714
28.5714
28.5714
28.5714
28.5714
28.5714
28.5714
28.5714
28.5714
28.5714
28.5715
28.5715
28.5715
28.5715
28.5715
28.5715
28.5715
28.5715
28.5715
28.5715
28.5715
28.5715
28.5715
28.5715
28.5715
28.5715
28.5715
28.5715
28.5715
28.5715
28.5715
30
30
30
30
30
30
30
30
30
30
30
30
30
30
30
30
30
30
30
28.5715
28.5715
28.5715
28.5715
28.5715
28.5715
28.5715
28.5715
28.5715
28.5715
28.5715
28.5715
28.5715
28.5715
28.5715
28.5715
28.5715
28.5715
28.5715
28.5715
28.5715
28.5715
28.5715
28.5715
28.5715
28.5715
28.5715
28.5715
28.5715
28.5715
28.5715
28.5715
28.5715
28.5715
28.5715
28.5715
28.5715
28.5715
28.5715
28.5715
28.5715
28.5715
30
30
30
30
30
30
30
30
30
30
30
30
30
30
30
30
30
30
30
28.5715
28.5715
28.5715
28.5715
28.5715
28.5715
28.5715
28.5715
28.5715
28.5715
28.5715
28.5715
28.5715
28.5715
28.5715
28.5715
28.5715
28.5715
28.5715
28.5715
28.5715
28.5715
28.5715
28.5715
28.5715
28.5715
28.5715
28.5715
28.5715
28.5715
28.5715
28.5715
28.5715
28.5715
28.5715
28.5715
28.5715
28.5715
28.5715
28.5715
28.5715
28.5715
30
30
30
30
30
30
30
30
30
30
30
30
30
30
30
30
30
30
30
28.5715
28.5715
28.5715
28.5715
28.5715
28.5715
28.5715
28.5715
28.5715
28.5715
28.5715
28.5715
28.5715
28.5715
28.5715
28.5715
28.5715
28.5715
28.5715
28.5715
28.5715
28.5712
28.5712
28.5712
28.5712
28.5712
28.5712
28.5712
28.5712
28.5712
28.5712
28.5712
28.5712
28.5712
28.5712
28.5712
28.5712
28.5712
28.5712
28.5712
28.5712
28.5712
30
30
30
30
30
30
30
30
30
30
30
30
30
30
30
30
30
30
30
28.5712
28.5712
28.5712
28.5712
28.5712
28.5712
28.5712
28.5712
28.5712
28.5712
28.5712
28.5712
28.5712
28.5712
28.5712
28.5712
28.5712
28.5712
28.5712
28.5712
28.5712
)
;
    }
}


// ************************************************************************* //
